20.000000 20.000000 20.000000 20.000000 20.000000 20.000000 20.000000 20.000000 20.000000 20.000000 20.000000 20.000000 20.000000 20.000000 20.000000 20.000000 20.000000 20.000000 20.000000 20.000000 
20.000000 18.814630 17.737021 16.839015 16.165514 15.699268 15.412455 15.249018 15.168829 15.136310 15.136310 15.168829 15.249018 15.412455 15.699268 16.165514 16.839015 17.737021 18.814630 20.000000 
20.000000 17.737021 15.671604 13.965391 12.670197 11.789508 11.236370 10.929887 10.774870 10.714340 10.714340 10.774870 10.929887 11.236370 11.789508 12.670198 13.965391 15.671604 17.737021 20.000000 
20.000000 16.839015 13.965392 11.575313 9.782764 8.546838 7.786541 7.356094 7.144816 7.059812 7.059812 7.144816 7.356095 7.786542 8.546841 9.782765 11.575314 13.965392 16.839015 20.000000 
20.000000 16.165514 12.670199 9.782770 7.599447 6.114864 5.188846 4.675707 4.418743 4.318222 4.318222 4.418749 4.675712 5.188860 6.114872 7.599462 9.782775 12.670205 16.165515 20.000000 
20.000000 15.699272 11.789530 8.546877 6.114940 4.448035 3.422649 2.847521 2.565111 2.452763 2.452779 2.565128 2.847583 3.422695 4.448127 6.114986 8.546939 11.789549 15.699289 20.000000 
20.000000 15.412504 11.236475 7.786835 5.189290 3.423287 2.329721 1.723906 1.423623 1.306055 1.306063 1.423811 1.724082 2.330120 3.423556 5.189689 7.787015 11.236665 15.412551 20.000000 
20.000000 15.249215 10.930559 7.357292 4.678145 2.850824 1.727747 1.102575 0.796153 0.675260 0.675612 0.796597 1.103849 1.728844 2.852622 4.679247 7.358570 10.931076 15.249600 20.000000 
20.000000 15.169911 10.777247 7.150358 4.427570 2.579639 1.441486 0.813961 0.505094 0.385611 0.385902 0.508055 0.817163 1.447467 2.584349 4.433557 7.153671 10.780283 15.170886 20.000000 
20.000000 15.139690 10.724070 7.077297 4.350912 2.499979 1.372574 0.750168 0.451962 0.335215 0.339249 0.458239 0.765138 1.387253 2.520821 4.365722 7.092390 10.731409 15.144434 20.000000 
20.000000 15.148392 10.741529 7.117374 4.411080 2.600797 1.501473 0.919566 0.639972 0.544206 0.548428 0.667230 0.953148 1.556646 2.649709 4.466399 7.152272 10.769984 15.159056 20.000000 
20.000000 15.198780 10.854412 7.289954 4.677895 2.946783 1.959952 1.447668 1.246305 1.176620 1.204417 1.299064 1.558370 2.081161 3.102685 4.800319 7.402153 10.915323 15.234023 20.000000 
20.000000 15.325956 11.107530 7.716882 5.270818 3.782964 2.987372 2.698967 2.613535 2.652249 2.685493 2.773584 2.921224 3.325152 4.111977 5.609933 7.947276 11.277049 15.395346 20.000000 
20.000000 15.563809 11.625928 8.519294 6.489063 5.398474 5.115235 5.176435 5.424219 5.587203 5.710633 5.704956 5.724635 5.782501 6.208160 7.162195 9.076468 11.943207 15.730470 20.000000 
20.000000 15.987396 12.479024 9.951876 8.543711 8.353249 8.890402 9.780079 10.476326 10.986769 11.140735 11.099116 10.758733 10.354804 9.914455 10.014032 10.958878 13.142473 16.267319 20.000000 
20.000000 16.601472 13.801430 12.037717 11.782313 12.941394 15.231296 17.338729 18.952826 19.805785 20.160949 19.906290 19.209624 17.851301 16.154464 14.417568 13.936400 14.850598 17.098290 20.000000 
20.000000 17.428741 15.457879 14.792377 15.935019 19.482399 24.744179 29.073165 31.710623 33.158925 33.562064 33.243882 31.921727 29.502619 25.501334 20.706016 17.693539 17.081118 18.086769 20.000000 
20.000000 18.333222 17.295579 17.568288 20.324093 26.975677 38.650200 45.847754 49.669921 51.371510 51.925045 51.432005 49.824697 46.153419 39.199685 27.845495 21.583013 19.179427 19.105799 20.000000 
20.000000 19.222559 18.854492 19.566181 22.664436 31.983725 59.535018 69.141856 72.779182 74.228464 74.594084 74.260951 72.859248 69.304656 59.819803 32.442323 23.316421 20.400183 19.770814 20.000000 
20.000000 20.000000 20.000000 20.000000 20.000000 20.000000 100.000000 100.000000 100.000000 100.000000 100.000000 100.000000 100.000000 100.000000 100.000000 20.000000 20.000000 20.000000 20.000000 20.000000 
