20.000000 20.000000 20.000000 20.000000 20.000000 20.000000 20.000000 20.000000 20.000000 20.000000 20.000000 20.000000 20.000000 20.000000 20.000000 20.000000 20.000000 20.000000 20.000000 20.000000 
20.000000 19.815668 19.637172 19.469244 19.317738 19.185425 19.077346 18.994071 18.939490 18.912299 18.915225 18.945618 19.005003 19.089744 19.199907 19.331000 19.481302 19.645599 19.820326 20.000000 
20.000000 19.642722 19.296059 18.971750 18.677174 18.423140 18.212644 18.054430 17.947327 17.897823 17.901636 17.963093 18.075811 18.241678 18.452667 18.707514 18.996673 19.315167 19.652398 20.000000 
20.000000 19.491664 19.000021 18.538310 18.123218 17.761849 17.468385 17.243212 17.097258 17.025536 17.036018 17.120257 17.283325 17.514512 17.815126 18.172437 18.582687 19.031252 19.508807 20.000000 
20.000000 19.374644 18.768889 18.204616 17.694456 17.258147 16.899045 16.632749 16.454375 16.375743 16.386664 16.495987 16.690729 16.976308 17.337801 17.775305 18.271678 18.819799 19.400644 20.000000 
20.000000 19.300977 18.627404 17.998490 17.439180 16.957309 16.573026 16.282368 16.100517 16.015459 16.039339 16.156579 16.377101 16.684128 17.083584 17.557260 18.103666 18.702135 19.341578 20.000000 
20.000000 19.283182 18.592546 17.957446 17.391958 16.920622 16.541624 16.272557 16.099276 16.035528 16.061922 16.191603 16.405108 16.714637 17.101640 17.573152 18.109264 18.706482 19.341890 20.000000 
20.000000 19.328402 18.689056 18.104276 17.603283 17.188703 16.879896 16.660629 16.543555 16.503394 16.553190 16.668379 16.865457 17.124633 17.462590 17.862155 18.332011 18.852163 19.416097 20.000000 
20.000000 19.448008 18.928119 18.475170 18.100340 17.825806 17.634991 17.536741 17.497360 17.524352 17.583785 17.691355 17.822628 18.001725 18.214228 18.484132 18.798993 19.168373 19.572591 20.000000 
20.000000 19.644267 19.329730 19.081998 18.930389 18.863796 18.887129 18.956790 19.067630 19.170033 19.270273 19.332838 19.382517 19.403770 19.434732 19.473732 19.554057 19.669030 19.824818 20.000000 
20.000000 19.922972 19.891536 19.949777 20.104173 20.362935 20.676679 21.021220 21.322770 21.565268 21.692206 21.717510 21.615819 21.430920 21.169079 20.890965 20.614250 20.378075 20.175597 20.000000 
20.000000 20.274778 20.615864 21.064258 21.650016 22.336440 23.084200 23.787498 24.388845 24.794671 24.991396 24.931585 24.649220 24.145696 23.499666 22.757962 22.011431 21.293170 20.630533 20.000000 
20.000000 20.688987 21.467688 22.413221 23.538890 24.822831 26.140625 27.370589 28.351233 29.012972 29.270266 29.130467 28.572273 27.665653 26.466762 25.119303 23.732388 22.412745 21.175554 20.000000 
20.000000 21.129413 22.400525 23.917026 25.737913 27.792818 29.923149 31.847397 33.372699 34.338847 34.710116 34.435158 33.549950 32.075506 30.153756 27.961536 25.757950 23.684403 21.788006 20.000000 
20.000000 21.546655 23.303037 25.458936 28.109466 31.216542 34.465869 37.382293 39.596052 40.978974 41.459612 41.053494 39.730184 37.544229 34.607362 31.266876 27.976369 25.018920 22.404125 20.000000 
20.000000 21.852521 24.017311 26.790476 30.423931 34.937297 39.886066 44.167150 47.282060 49.118760 49.748154 49.173130 47.376189 44.271657 39.952528 34.897264 30.179306 26.210004 22.919788 20.000000 
20.000000 21.937748 24.288847 27.526580 32.171689 38.632014 46.400995 52.628320 56.741789 59.022804 59.752676 59.059379 56.802738 52.687292 46.416387 38.540169 31.882525 26.907850 23.151407 20.000000 
20.000000 21.675899 23.816583 27.046892 32.374352 41.314224 54.825950 63.572425 68.461497 70.880933 71.621846 70.903003 68.496337 63.600926 54.815836 41.217453 32.117722 26.521825 22.852581 20.000000 
20.000000 20.999391 22.345091 24.614957 29.135568 39.648603 68.249319 78.653171 82.921440 84.722513 85.230171 84.732707 82.937001 78.663576 68.237513 39.587637 28.985030 24.310903 21.784266 20.000000 
20.000000 20.000000 20.000000 20.000000 20.000000 20.000000 100.000000 100.000000 100.000000 100.000000 100.000000 100.000000 100.000000 100.000000 100.000000 20.000000 20.000000 20.000000 20.000000 20.000000 
