20.000000 20.000000 20.000000 20.000000 20.000000 20.000000 20.000000 20.000000 20.000000 20.000000 20.000000 20.000000 20.000000 20.000000 20.000000 20.000000 20.000000 20.000000 20.000000 20.000000 
20.000000 4.892767 7.951487 6.487203 6.495362 6.132954 6.040817 5.935373 5.902379 5.882299 5.882299 5.902379 5.935373 6.040817 6.132954 6.495362 6.487203 7.951487 4.892767 20.000000 
20.000000 7.951487 8.139330 7.472265 6.606875 6.299481 5.953061 5.826484 5.733009 5.705606 5.705606 5.733009 5.826484 5.953061 6.299481 6.606875 7.472265 8.139331 7.951487 20.000000 
20.000000 6.487203 7.472265 5.633661 5.008569 4.261860 3.939365 3.688974 3.591367 3.541994 3.541995 3.591367 3.688975 3.939365 4.261863 5.008569 5.633663 7.472265 6.487203 20.000000 
20.000000 6.495363 6.606876 5.008574 3.855123 3.178820 2.666792 2.423839 2.280072 2.230244 2.230243 2.280078 2.423839 2.666807 3.178820 3.855138 5.008574 6.606882 6.495363 20.000000 
20.000000 6.132956 6.299501 4.261879 3.178881 2.284109 1.790569 1.480007 1.338118 1.276254 1.276273 1.338116 1.480069 1.790569 2.284200 3.178881 4.261941 6.299501 6.132973 20.000000 
20.000000 6.040861 5.953108 3.939603 2.667012 1.791035 1.220938 0.914818 0.753845 0.692516 0.692472 0.754039 0.914814 1.221337 1.791035 2.667411 3.939603 5.953298 6.040861 20.000000 
20.000000 5.935455 5.827032 3.689524 2.425641 1.481670 0.917413 0.589377 0.430395 0.365074 0.365540 0.430313 0.590660 0.917408 1.483468 2.425641 3.690801 5.827032 5.935839 20.000000 
20.000000 5.903262 5.734015 3.595527 2.284208 1.348047 0.762968 0.441635 0.276679 0.214685 0.213802 0.279838 0.441511 0.768961 1.348040 2.290195 3.595527 5.737050 5.903262 20.000000 
20.000000 5.883633 5.713018 3.549552 2.253008 1.298826 0.734955 0.403762 0.254259 0.187176 0.193254 0.252925 0.419005 0.734805 1.319682 2.253001 3.564645 5.713018 5.888377 20.000000 
20.000000 5.891561 5.716490 3.582952 2.271309 1.372607 0.787730 0.512167 0.345798 0.310127 0.300865 0.375876 0.510544 0.843204 1.372458 2.326640 3.582947 5.744945 5.891561 20.000000 
20.000000 5.913632 5.790756 3.650700 2.453177 1.511023 1.082241 0.753324 0.702294 0.625889 0.672384 0.691042 0.867123 1.080647 1.667193 2.453057 3.762909 5.790753 5.948874 20.000000 
20.000000 5.991916 5.893946 3.936877 2.672895 2.069493 1.502255 1.514793 1.343608 1.458815 1.402272 1.524052 1.503872 1.842745 2.068231 3.012201 3.936799 6.063470 5.991914 20.000000 
20.000000 6.094878 6.227846 4.222546 3.515676 2.639301 2.881571 2.566653 2.971405 2.855822 3.076546 2.917343 3.132334 2.873132 3.450867 3.514876 4.779828 6.227805 6.261541 20.000000 
20.000000 6.340005 6.546902 5.213165 4.134850 4.716566 4.218191 5.384118 5.201795 5.843818 5.636767 5.905663 5.343730 5.694278 4.711421 5.606193 5.212764 7.210399 6.339988 20.000000 
20.000000 6.642506 7.398003 5.822787 6.591694 5.915376 8.624841 8.358782 10.137372 9.940393 10.584371 9.990222 10.280984 8.601594 9.134439 6.589262 7.721897 7.397848 7.139340 20.000000 
20.000000 6.909533 7.971883 7.833984 7.218054 11.254652 10.922990 15.455905 15.281008 16.932338 16.510008 16.981667 15.378571 15.705435 11.244626 11.991334 7.833122 9.595253 6.909489 20.000000 
20.000000 8.140052 9.289074 8.650245 11.828636 11.521241 23.409701 23.254887 27.205193 26.989224 27.950394 27.016619 27.298454 23.381250 23.753072 11.825587 12.665575 9.288860 8.912657 20.000000 
20.000000 5.188064 8.295406 8.425557 8.439336 17.862462 17.764706 27.444795 27.363180 28.937534 28.642237 28.957585 27.396143 27.549695 17.856298 18.218705 8.425013 9.841189 5.188034 20.000000 
20.000000 20.000000 20.000000 20.000000 20.000000 20.000000 100.000000 100.000000 100.000000 100.000000 100.000000 100.000000 100.000000 100.000000 100.000000 20.000000 20.000000 20.000000 20.000000 20.000000 
