20.000000 20.000000 20.000000 20.000000 20.000000 20.000000 20.000000 20.000000 20.000000 20.000000 20.000000 20.000000 20.000000 20.000000 20.000000 20.000000 20.000000 20.000000 20.000000 20.000000 
20.000000 20.152881 20.302151 20.444181 20.575412 20.692298 20.791558 20.870108 20.925439 20.955517 20.959184 20.935970 20.886425 20.811823 20.714370 20.596844 20.462697 20.315717 20.160056 20.000000 
20.000000 20.309713 20.612169 20.900147 21.166352 21.403747 21.605439 21.765332 21.878000 21.939510 21.947168 21.900280 21.799673 21.648234 21.450229 21.211582 20.939144 20.640787 20.324824 20.000000 
20.000000 20.474426 20.937992 21.379696 21.788613 22.153697 22.464542 22.711263 22.885682 22.981143 22.993774 22.921993 22.767498 22.534392 22.229738 21.862445 21.443455 20.984700 20.499124 20.000000 
20.000000 20.650988 21.287485 21.894885 22.458129 22.962294 23.392435 23.734983 23.977722 24.111580 24.130344 24.032230 23.819036 23.497115 23.075988 22.568687 21.990183 21.357379 20.687889 20.000000 
20.000000 20.843224 21.668586 22.457652 23.191474 23.850207 24.414396 24.865098 25.186141 25.364279 25.391500 25.264519 24.986384 24.565065 24.014101 23.350548 22.594892 21.769081 20.896326 20.000000 
20.000000 21.054846 22.088782 23.080072 24.005198 24.839480 25.557057 26.133354 26.545818 26.777127 26.815443 26.656943 26.304804 25.770416 25.071141 24.230202 23.273858 22.230735 21.129751 20.000000 
20.000000 21.288992 22.555047 23.773321 24.916243 25.952669 26.849821 27.574423 28.096867 28.392737 28.446708 28.252510 27.815126 27.148864 26.277599 25.231284 24.044619 22.753432 21.393680 20.000000 
20.000000 21.547973 23.072573 24.547412 25.940371 27.213617 28.324115 29.228211 29.884887 30.261739 30.336830 30.102444 29.564147 28.741967 27.666999 26.379800 24.925008 23.348438 21.693301 20.000000 
20.000000 21.832196 23.643826 25.408786 27.091710 28.645666 30.015030 31.139815 31.964566 32.443817 32.548597 32.267293 31.608233 30.597364 29.277612 27.702880 25.932987 24.025697 22.033095 20.000000 
20.000000 22.139049 24.265540 26.358168 28.379187 30.271540 31.960296 33.362949 34.401060 35.012875 35.158079 34.822068 34.014816 32.772153 31.151791 29.228832 27.083920 24.792342 22.415304 20.000000 
20.000000 22.460382 24.925192 27.384716 29.803039 32.109601 34.202174 35.961314 37.276018 38.060177 38.261286 37.859397 36.868308 35.334414 33.337801 30.983907 28.387492 25.648239 22.837846 20.000000 
20.000000 22.779296 25.593818 28.458278 31.345625 34.170635 36.786990 39.015297 40.692530 41.702697 41.978806 41.497766 40.275001 38.369617 35.889448 32.989002 29.839308 26.579240 23.289711 20.000000 
20.000000 23.064750 26.216251 29.514057 32.957635 36.448215 39.769513 42.630177 44.787292 46.089966 46.464974 45.888261 44.374877 41.988588 38.869859 35.249936 31.406989 27.543184 23.743656 20.000000 
20.000000 23.265187 26.695563 30.429086 34.528664 38.902838 43.220881 46.958264 49.746002 51.415413 51.912634 51.225650 49.356638 46.348827 42.358678 37.740372 33.000196 28.446275 24.143345 20.000000 
20.000000 23.301856 26.874737 30.982163 35.830792 41.419932 47.260668 52.243891 55.832023 57.921641 58.553738 57.753424 55.485688 51.698621 46.482475 40.357972 34.411560 29.101174 24.384973 20.000000 
20.000000 23.068771 26.521705 30.797718 36.396828 43.691123 52.163992 58.931697 63.423532 65.893104 66.634422 65.756122 63.140659 58.483972 51.519925 42.802233 35.190322 29.164404 24.296556 20.000000 
20.000000 22.452443 25.347539 29.292831 35.271363 44.787843 58.777501 67.900478 73.043119 75.598377 76.340702 75.501388 72.842346 67.581350 58.315431 44.144139 34.385946 28.071372 23.637833 20.000000 
20.000000 21.394135 23.124413 25.756653 30.610284 41.414396 70.260876 80.853341 85.253778 87.120661 87.632411 87.070350 85.149469 80.687079 70.019110 41.075457 30.139763 25.098635 22.184032 20.000000 
20.000000 20.000000 20.000000 20.000000 20.000000 20.000000 100.000000 100.000000 100.000000 100.000000 100.000000 100.000000 100.000000 100.000000 100.000000 20.000000 20.000000 20.000000 20.000000 20.000000 
