20.000000 20.000000 20.000000 20.000000 20.000000 20.000000 20.000000 20.000000 20.000000 20.000000 20.000000 20.000000 20.000000 20.000000 20.000000 20.000000 20.000000 20.000000 20.000000 20.000000 
20.000000 20.065800 20.130441 20.192357 20.250567 20.302977 20.348729 20.385425 20.412564 20.427956 20.431815 20.422690 20.401719 20.368471 20.324890 20.271513 20.210705 20.143715 20.072904 20.000000 
20.000000 20.137932 20.273124 20.403386 20.524939 20.635751 20.731065 20.809220 20.865319 20.898813 20.905868 20.887755 20.842611 20.773652 20.681194 20.569815 20.441580 20.301486 20.152741 20.000000 
20.000000 20.222329 20.440896 20.650672 20.848196 21.026621 21.182565 21.308117 21.400924 21.453865 21.467055 21.436057 21.364285 21.250895 21.102205 20.920617 20.713944 20.486757 20.246822 20.000000 
20.000000 20.325492 20.645049 20.953606 21.242755 21.507071 21.735636 21.923311 22.058852 22.139633 22.157244 22.113662 22.005552 21.839925 21.618785 21.352643 21.047377 20.714459 20.361819 20.000000 
20.000000 20.452677 20.898497 21.328258 21.734600 22.104154 22.428383 22.691359 22.885982 22.998232 23.026333 22.962517 22.812548 22.576678 22.267341 21.891472 21.464743 20.997669 20.505464 20.000000 
20.000000 20.610041 21.210857 21.793770 22.344320 22.850845 23.292942 23.657614 23.923565 24.082358 24.119079 24.035116 23.826561 23.505774 23.079778 22.568409 21.985450 21.352146 20.684155 20.000000 
20.000000 20.801423 21.593653 22.363354 23.097455 23.772846 24.370443 24.860661 25.225299 25.438888 25.493979 25.378613 25.101254 24.666490 24.096898 23.409719 22.633709 21.790372 20.905716 20.000000 
20.000000 21.031239 22.052671 23.053102 24.010894 24.903398 25.693843 26.352110 26.838554 27.131186 27.204395 27.056623 26.685104 26.111091 25.353574 24.449262 23.428226 22.327763 21.175638 20.000000 
20.000000 21.299777 22.594006 23.869120 25.105634 26.265324 27.307600 28.176414 28.828867 29.218237 29.324266 29.129015 28.644726 27.886624 26.896315 25.713737 24.392291 22.974037 21.500245 20.000000 
20.000000 21.605952 23.213333 24.816540 26.388593 27.888164 29.246706 30.395767 31.258224 31.783178 31.926406 31.679780 31.044559 30.057948 28.765068 27.237145 25.539712 23.739338 21.881239 20.000000 
20.000000 21.940658 23.900413 25.881761 27.864334 29.786012 31.559317 33.068563 34.215103 34.911492 35.113847 34.795928 33.975467 32.688286 31.013285 29.042174 26.883531 24.621644 22.317700 20.000000 
20.000000 22.287751 24.623615 27.036810 29.510169 31.973026 34.284881 36.279382 37.794624 38.724723 38.998982 38.600384 37.536214 35.866949 33.688718 31.152539 28.415436 25.608301 22.797264 20.000000 
20.000000 22.614467 25.328402 28.211915 31.277977 34.435084 37.479789 40.123926 42.135365 43.361973 43.738079 43.234092 41.868559 39.695998 36.855927 33.567628 30.103974 26.653747 23.293008 20.000000 
20.000000 22.869120 25.913807 29.283724 33.049715 37.132090 41.204762 44.753769 47.410959 49.015872 49.511581 48.891043 47.149803 44.332264 40.585392 36.260612 31.852879 27.663925 23.746544 20.000000 
20.000000 22.970635 26.221654 30.024326 34.595268 39.939101 45.576390 50.400326 53.881312 55.914963 56.547880 55.801048 53.642081 50.012216 45.001058 39.120482 33.453081 28.446913 24.053482 20.000000 
20.000000 22.811998 26.014884 30.055171 35.438008 42.543133 50.856918 57.502503 61.909695 64.337459 65.077788 64.242573 61.709937 57.176612 50.370277 41.842888 34.446499 28.657197 24.039304 20.000000 
20.000000 22.277052 25.001714 28.785628 34.617119 44.003699 57.885629 66.924254 72.010163 74.535779 75.278543 74.467544 71.866102 66.688346 57.530977 43.488848 33.878403 27.724920 23.462299 20.000000 
20.000000 21.305235 22.948942 25.499569 30.278321 41.016939 69.808340 80.358526 84.729656 86.582066 87.093472 86.546328 84.654122 80.234444 69.621078 40.743312 29.882235 24.923030 22.094966 20.000000 
20.000000 20.000000 20.000000 20.000000 20.000000 20.000000 100.000000 100.000000 100.000000 100.000000 100.000000 100.000000 100.000000 100.000000 100.000000 20.000000 20.000000 20.000000 20.000000 20.000000 
